2005
2018
2019
1860
1934
1991
2007
2016
2015
2014
2015
2015
2014
2018
2017
1986
1995
1997
2016
2017
2000
1933
1956
1966
1964
1976
2005
2017
2017
2013
2017
2000
2006
1990
1990
1990
1993
2012
1974
2018
2012
2015
2014
2016
2016
1985
2015
2008
2012
2013
2011
2018
1995
2017
2016
2014
2009
2009
1992
2018
2013
2017
2017
2009
2018
2017
2018
2008
1987
2018
2018
2004
1993
1973
1980
1981
1979
1971
2018
1989
1987
2018
2016
2013
2010
2002
2017
2005
2006
2008
2010
1958
1968
2000
1988
2010
2015
1996
1904
1859
2005
2001
1956
1989
2006
1935
2007
2009
2011
2017
2016
1992
1977
1994
2010
1997
2003
2001
2010
1981
1978
1988
1985
1983
1990
1991
1986
1990
1999
1984
1931
1995
1994
2015
2016
2012
2006
2003
1989
2009
2012
2007
2009
2018
2018
2016
1996
1995
2018
2018
2005
1986
2009
2004
2016
2015
2014
2017
1948
2014
1971
1994
2011
2018
2006
2006
2018
2012
1959
1958
1967
1966
1995
1989
1957
1956
1961
1956
1958
2017
2018
2003
2015
2018
2017
1987
2014
2018
1993
2013
2015
2019
2011
2017
2010
2014
2009
2013
1938
1994
2012
2012
2015
1994
2019
2004
2004
2011
2017
2012
2011
2019
2012
2000
2004
2016
2012
2010
1983
2000
2007
1987
2005
2009
2011
2011
2012
2011
2015
2006
2011
2011
2011
2012
2013
2013
2009
2015
1992
2018
2008
1995
2014
1934
2018
2014
2007
2016
2011
2017
2010
2010
2004
2003
2013
2002
1977
1982
2007
2015
1981
1980
1977
2009
2005
2016
1994
1966
1965
2010
1967
2019
2019
2019
2019
2016
2017
1953
1952
2019
2009
2001
2006
2010
2019
2019
2003
2008
1999
2014
2000
1999
2004
2003
2004
1987
1982
1935
1969
1990
2006
2005
1986
2002
2004
1995
1999
2014
1991
2007
1997
1991
2013
2008
2015
2008
2014
2018
2018
2013
2016
2019
2017
2008
2014
2006
1981
2006
2015
2003
2015
2015
2012
1954
2019
2008
2013
2019
2019
1971
